sensor_id;sensor_type;location;lat;lon;timestamp;pressure;altitude;pressure_sealevel;temperature;humidity
113;BME280;45999;48.808;9.182;2022-01-03T00:02:17;98172.06;;;11.88;64.48
113;BME280;45999;48.808;9.182;2022-01-03T00:04:44;98171.34;;;12.11;63.17
113;BME280;45999;48.808;9.182;2022-01-03T00:07:11;98174.50;;;11.90;64.19
113;BME280;45999;48.808;9.182;2022-01-03T00:09:38;98174.06;;;11.93;63.90
113;BME280;45999;48.808;9.182;2022-01-03T00:12:05;98156.97;;;11.82;64.97
113;BME280;45999;48.808;9.182;2022-01-03T00:14:31;98160.94;;;11.91;63.33
113;BME280;45999;48.808;9.182;2022-01-03T00:16:58;98155.97;;;11.95;63.38
113;BME280;45999;48.808;9.182;2022-01-03T00:19:24;98152.81;;;11.86;63.60
113;BME280;45999;48.808;9.182;2022-01-03T00:21:53;98146.25;;;12.18;62.15
113;BME280;45999;48.808;9.182;2022-01-03T00:24:25;98139.47;;;12.04;63.15
113;BME280;45999;48.808;9.182;2022-01-03T00:27:00;98136.38;;;11.89;62.70
113;BME280;45999;48.808;9.182;2022-01-03T00:29:29;98131.34;;;11.99;62.69
113;BME280;45999;48.808;9.182;2022-01-03T00:32:08;98140.97;;;12.00;62.51
113;BME280;45999;48.808;9.182;2022-01-03T00:34:36;98164.19;;;11.93;62.68
113;BME280;45999;48.808;9.182;2022-01-03T00:37:05;98154.41;;;12.05;62.12
113;BME280;45999;48.808;9.182;2022-01-03T00:39:32;98148.22;;;11.93;61.95
113;BME280;45999;48.808;9.182;2022-01-03T00:41:58;98136.19;;;12.02;62.10
113;BME280;45999;48.808;9.182;2022-01-03T00:44:25;98122.47;;;12.17;61.68
113;BME280;45999;48.808;9.182;2022-01-03T00:46:53;98138.38;;;12.23;60.96
113;BME280;45999;48.808;9.182;2022-01-03T00:49:19;98153.28;;;12.13;61.73
113;BME280;45999;48.808;9.182;2022-01-03T00:51:47;98149.66;;;12.07;61.10
113;BME280;45999;48.808;9.182;2022-01-03T00:54:14;98160.31;;;12.07;60.71
113;BME280;45999;48.808;9.182;2022-01-03T00:56:45;98170.75;;;12.09;60.43
113;BME280;45999;48.808;9.182;2022-01-03T00:59:15;98177.91;;;12.08;60.58
113;BME280;45999;48.808;9.182;2022-01-03T01:01:50;98178.41;;;12.05;60.75
113;BME280;45999;48.808;9.182;2022-01-03T01:04:19;98180.53;;;11.97;61.02
113;BME280;45999;48.808;9.182;2022-01-03T01:06:51;98169.25;;;11.83;61.74
113;BME280;45999;48.808;9.182;2022-01-03T01:09:18;98173.28;;;12.04;60.99
113;BME280;45999;48.808;9.182;2022-01-03T01:11:46;98188.16;;;11.93;61.54
113;BME280;45999;48.808;9.182;2022-01-03T01:14:13;98185.00;;;12.03;60.82
113;BME280;45999;48.808;9.182;2022-01-03T01:16:40;98189.50;;;12.02;60.86
113;BME280;45999;48.808;9.182;2022-01-03T01:19:07;98186.78;;;11.91;61.53
113;BME280;45999;48.808;9.182;2022-01-03T01:21:35;98181.81;;;11.76;62.07
113;BME280;45999;48.808;9.182;2022-01-03T01:24:01;98188.41;;;11.74;62.27
113;BME280;45999;48.808;9.182;2022-01-03T01:26:28;98183.63;;;11.82;62.21
113;BME280;45999;48.808;9.182;2022-01-03T01:29:12;98195.00;;;11.71;62.53
113;BME280;45999;48.808;9.182;2022-01-03T01:31:50;98193.22;;;11.65;62.76
113;BME280;45999;48.808;9.182;2022-01-03T01:34:22;98203.22;;;11.70;62.29
113;BME280;45999;48.808;9.182;2022-01-03T01:36:53;98211.13;;;11.76;62.26
113;BME280;45999;48.808;9.182;2022-01-03T01:39:22;98213.19;;;11.74;62.08
113;BME280;45999;48.808;9.182;2022-01-03T01:41:53;98220.94;;;11.58;62.80
113;BME280;45999;48.808;9.182;2022-01-03T01:44:21;98207.69;;;11.51;63.29
113;BME280;45999;48.808;9.182;2022-01-03T01:46:55;98213.28;;;11.68;62.61
113;BME280;45999;48.808;9.182;2022-01-03T01:49:23;98210.63;;;11.43;64.11
113;BME280;45999;48.808;9.182;2022-01-03T01:52:00;98208.81;;;11.44;64.36
113;BME280;45999;48.808;9.182;2022-01-03T01:54:35;98205.53;;;11.42;64.67
113;BME280;45999;48.808;9.182;2022-01-03T01:57:19;98192.25;;;11.60;63.43
113;BME280;45999;48.808;9.182;2022-01-03T02:02:29;98205.09;;;11.45;64.70
113;BME280;45999;48.808;9.182;2022-01-03T02:05:27;98212.09;;;11.39;64.81
113;BME280;45999;48.808;9.182;2022-01-03T02:10:34;98209.91;;;11.36;65.46
113;BME280;45999;48.808;9.182;2022-01-03T02:13:02;98210.19;;;11.46;65.73
113;BME280;45999;48.808;9.182;2022-01-03T02:15:29;98197.19;;;11.56;64.76
113;BME280;45999;48.808;9.182;2022-01-03T02:17:57;98193.75;;;11.49;65.70
113;BME280;45999;48.808;9.182;2022-01-03T02:20:25;98193.47;;;11.57;64.77
113;BME280;45999;48.808;9.182;2022-01-03T02:22:53;98180.94;;;11.64;64.10
113;BME280;45999;48.808;9.182;2022-01-03T02:25:22;98205.66;;;11.71;64.42
113;BME280;45999;48.808;9.182;2022-01-03T02:27:51;98192.41;;;11.65;65.10
113;BME280;45999;48.808;9.182;2022-01-03T02:30:21;98198.19;;;11.62;64.72
113;BME280;45999;48.808;9.182;2022-01-03T02:32:48;98206.44;;;11.54;65.66
113;BME280;45999;48.808;9.182;2022-01-03T02:35:15;98189.69;;;11.47;65.42
113;BME280;45999;48.808;9.182;2022-01-03T02:37:44;98210.41;;;11.45;65.80
113;BME280;45999;48.808;9.182;2022-01-03T02:40:10;98199.25;;;11.36;66.39
113;BME280;45999;48.808;9.182;2022-01-03T02:42:38;98200.00;;;11.43;66.07
113;BME280;45999;48.808;9.182;2022-01-03T02:45:06;98198.28;;;11.31;66.64
113;BME280;45999;48.808;9.182;2022-01-03T02:47:33;98203.75;;;11.36;66.95
113;BME280;45999;48.808;9.182;2022-01-03T02:50:00;98216.84;;;11.37;66.73
113;BME280;45999;48.808;9.182;2022-01-03T02:52:27;98212.84;;;11.28;67.19
113;BME280;45999;48.808;9.182;2022-01-03T02:54:53;98211.50;;;11.19;67.04
113;BME280;45999;48.808;9.182;2022-01-03T02:57:20;98203.19;;;11.09;67.89
113;BME280;45999;48.808;9.182;2022-01-03T02:59:55;98208.31;;;11.28;66.86
113;BME280;45999;48.808;9.182;2022-01-03T03:02:24;98215.66;;;11.33;65.90
113;BME280;45999;48.808;9.182;2022-01-03T03:05:03;98210.34;;;11.33;66.18
113;BME280;45999;48.808;9.182;2022-01-03T03:07:30;98221.09;;;11.20;66.69
113;BME280;45999;48.808;9.182;2022-01-03T03:09:57;98219.03;;;11.22;66.51
113;BME280;45999;48.808;9.182;2022-01-03T03:12:24;98229.97;;;11.14;66.79
113;BME280;45999;48.808;9.182;2022-01-03T03:14:51;98224.38;;;10.98;67.23
113;BME280;45999;48.808;9.182;2022-01-03T03:17:18;98227.63;;;10.99;67.25
113;BME280;45999;48.808;9.182;2022-01-03T03:19:56;98231.59;;;11.15;66.09
113;BME280;45999;48.808;9.182;2022-01-03T03:22:25;98219.16;;;11.34;64.72
113;BME280;45999;48.808;9.182;2022-01-03T03:27:27;98235.44;;;11.19;65.31
113;BME280;45999;48.808;9.182;2022-01-03T03:29:53;98236.59;;;11.05;65.82
113;BME280;45999;48.808;9.182;2022-01-03T03:32:21;98227.47;;;10.94;66.49
113;BME280;45999;48.808;9.182;2022-01-03T03:34:48;98224.22;;;10.93;66.27
113;BME280;45999;48.808;9.182;2022-01-03T03:37:16;98227.47;;;10.94;65.78
113;BME280;45999;48.808;9.182;2022-01-03T03:39:43;98224.03;;;11.12;64.69
113;BME280;45999;48.808;9.182;2022-01-03T03:42:11;98214.53;;;10.98;65.25
113;BME280;45999;48.808;9.182;2022-01-03T03:44:38;98227.94;;;11.09;64.38
113;BME280;45999;48.808;9.182;2022-01-03T03:47:06;98216.50;;;11.09;64.40
113;BME280;45999;48.808;9.182;2022-01-03T03:49:34;98217.25;;;11.16;63.74
113;BME280;45999;48.808;9.182;2022-01-03T03:52:00;98218.88;;;11.17;63.35
113;BME280;45999;48.808;9.182;2022-01-03T03:54:28;98212.38;;;11.13;63.35
113;BME280;45999;48.808;9.182;2022-01-03T03:56:55;98210.66;;;11.18;63.20
113;BME280;45999;48.808;9.182;2022-01-03T03:59:23;98212.50;;;11.00;63.90
113;BME280;45999;48.808;9.182;2022-01-03T04:01:49;98209.22;;;10.98;63.74
113;BME280;45999;48.808;9.182;2022-01-03T04:04:16;98212.44;;;10.82;64.47
113;BME280;45999;48.808;9.182;2022-01-03T04:06:42;98212.97;;;10.90;63.73
113;BME280;45999;48.808;9.182;2022-01-03T04:09:08;98211.72;;;11.18;61.95
113;BME280;45999;48.808;9.182;2022-01-03T04:11:35;98230.69;;;10.96;63.38
113;BME280;45999;48.808;9.182;2022-01-03T04:14:02;98234.72;;;10.81;63.54
113;BME280;45999;48.808;9.182;2022-01-03T04:16:28;98226.31;;;11.08;62.32
113;BME280;45999;48.808;9.182;2022-01-03T04:18:54;98219.38;;;11.07;62.30
113;BME280;45999;48.808;9.182;2022-01-03T04:21:21;98213.00;;;11.08;62.72
113;BME280;45999;48.808;9.182;2022-01-03T04:23:47;98211.81;;;11.04;61.89
113;BME280;45999;48.808;9.182;2022-01-03T04:26:14;98220.06;;;10.96;62.57
113;BME280;45999;48.808;9.182;2022-01-03T04:28:40;98226.59;;;11.00;62.23
113;BME280;45999;48.808;9.182;2022-01-03T04:31:07;98223.88;;;10.82;63.41
113;BME280;45999;48.808;9.182;2022-01-03T04:33:33;98220.34;;;10.64;64.67
113;BME280;45999;48.808;9.182;2022-01-03T04:35:59;98239.69;;;10.71;64.56
113;BME280;45999;48.808;9.182;2022-01-03T04:38:27;98236.75;;;10.85;63.76
113;BME280;45999;48.808;9.182;2022-01-03T04:40:53;98235.44;;;10.94;63.94
113;BME280;45999;48.808;9.182;2022-01-03T04:43:19;98234.78;;;10.99;64.86
113;BME280;45999;48.808;9.182;2022-01-03T04:45:45;98242.28;;;10.84;67.08
113;BME280;45999;48.808;9.182;2022-01-03T04:48:12;98234.22;;;10.66;69.41
113;BME280;45999;48.808;9.182;2022-01-03T04:50:38;98248.88;;;10.44;72.40
113;BME280;45999;48.808;9.182;2022-01-03T04:53:05;98235.09;;;10.22;75.49
113;BME280;45999;48.808;9.182;2022-01-03T04:55:31;98256.00;;;10.12;76.45
113;BME280;45999;48.808;9.182;2022-01-03T04:57:58;98274.41;;;10.01;78.68
113;BME280;45999;48.808;9.182;2022-01-03T05:00:24;98269.31;;;9.86;79.69
113;BME280;45999;48.808;9.182;2022-01-03T05:02:51;98271.59;;;9.83;80.79
113;BME280;45999;48.808;9.182;2022-01-03T05:05:17;98272.47;;;9.64;82.44
113;BME280;45999;48.808;9.182;2022-01-03T05:07:43;98292.69;;;9.52;84.17
113;BME280;45999;48.808;9.182;2022-01-03T05:10:11;98279.22;;;9.40;86.45
113;BME280;45999;48.808;9.182;2022-01-03T05:12:37;98281.69;;;9.29;88.14
113;BME280;45999;48.808;9.182;2022-01-03T05:15:04;98270.88;;;9.17;89.34
113;BME280;45999;48.808;9.182;2022-01-03T05:17:30;98279.44;;;9.13;90.38
113;BME280;45999;48.808;9.182;2022-01-03T05:19:59;98275.34;;;9.10;91.03
113;BME280;45999;48.808;9.182;2022-01-03T05:22:25;98267.59;;;9.22;89.12
113;BME280;45999;48.808;9.182;2022-01-03T05:24:51;98265.19;;;9.14;90.71
113;BME280;45999;48.808;9.182;2022-01-03T05:27:18;98264.53;;;9.18;90.49
113;BME280;45999;48.808;9.182;2022-01-03T05:29:44;98267.00;;;9.20;90.65
113;BME280;45999;48.808;9.182;2022-01-03T05:32:11;98273.13;;;9.14;91.53
113;BME280;45999;48.808;9.182;2022-01-03T05:34:38;98272.69;;;9.23;90.13
113;BME280;45999;48.808;9.182;2022-01-03T05:37:04;98264.16;;;9.21;89.91
113;BME280;45999;48.808;9.182;2022-01-03T05:39:31;98264.34;;;9.13;91.96
113;BME280;45999;48.808;9.182;2022-01-03T05:41:57;98267.81;;;9.01;93.11
113;BME280;45999;48.808;9.182;2022-01-03T05:44:23;98262.13;;;8.91;94.51
113;BME280;45999;48.808;9.182;2022-01-03T05:46:50;98262.91;;;8.85;95.19
113;BME280;45999;48.808;9.182;2022-01-03T05:49:16;98264.13;;;8.82;95.61
113;BME280;45999;48.808;9.182;2022-01-03T05:51:43;98273.09;;;8.81;95.38
113;BME280;45999;48.808;9.182;2022-01-03T05:54:09;98276.16;;;8.72;96.71
113;BME280;45999;48.808;9.182;2022-01-03T05:56:36;98283.09;;;8.73;95.73
113;BME280;45999;48.808;9.182;2022-01-03T05:59:02;98283.28;;;8.71;95.91
113;BME280;45999;48.808;9.182;2022-01-03T06:01:33;98287.41;;;9.19;90.06
113;BME280;45999;48.808;9.182;2022-01-03T06:03:59;98275.34;;;9.36;86.05
113;BME280;45999;48.808;9.182;2022-01-03T06:06:42;98278.41;;;9.33;87.47
113;BME280;45999;48.808;9.182;2022-01-03T06:09:23;98278.19;;;9.35;86.61
113;BME280;45999;48.808;9.182;2022-01-03T06:11:51;98283.31;;;9.36;87.37
113;BME280;45999;48.808;9.182;2022-01-03T06:14:19;98295.16;;;9.34;87.29
113;BME280;45999;48.808;9.182;2022-01-03T06:16:46;98289.00;;;9.33;88.13
113;BME280;45999;48.808;9.182;2022-01-03T06:19:13;98283.13;;;9.25;89.73
113;BME280;45999;48.808;9.182;2022-01-03T06:21:40;98289.84;;;9.27;88.48
113;BME280;45999;48.808;9.182;2022-01-03T06:24:07;98278.84;;;9.24;90.52
113;BME280;45999;48.808;9.182;2022-01-03T06:26:35;98274.97;;;9.26;90.44
113;BME280;45999;48.808;9.182;2022-01-03T06:29:03;98276.19;;;9.24;89.18
113;BME280;45999;48.808;9.182;2022-01-03T06:31:32;98276.19;;;9.11;92.84
113;BME280;45999;48.808;9.182;2022-01-03T06:33:59;98279.22;;;9.14;91.94
113;BME280;45999;48.808;9.182;2022-01-03T06:36:26;98279.22;;;9.21;89.65
113;BME280;45999;48.808;9.182;2022-01-03T06:38:53;98270.25;;;9.15;90.88
113;BME280;45999;48.808;9.182;2022-01-03T06:41:20;98262.91;;;9.24;89.26
113;BME280;45999;48.808;9.182;2022-01-03T06:43:47;98268.44;;;9.22;91.13
113;BME280;45999;48.808;9.182;2022-01-03T06:46:13;98269.03;;;9.18;91.61
113;BME280;45999;48.808;9.182;2022-01-03T06:48:39;98268.44;;;9.16;90.83
113;BME280;45999;48.808;9.182;2022-01-03T06:51:06;98271.91;;;9.10;92.92
113;BME280;45999;48.808;9.182;2022-01-03T06:53:32;98256.78;;;9.10;91.33
113;BME280;45999;48.808;9.182;2022-01-03T06:55:59;98248.63;;;9.18;89.69
113;BME280;45999;48.808;9.182;2022-01-03T06:58:25;98258.44;;;9.11;91.40
113;BME280;45999;48.808;9.182;2022-01-03T07:00:51;98245.59;;;9.02;92.24
113;BME280;45999;48.808;9.182;2022-01-03T07:03:18;98250.88;;;9.02;92.38
113;BME280;45999;48.808;9.182;2022-01-03T07:05:44;98254.38;;;9.02;92.11
113;BME280;45999;48.808;9.182;2022-01-03T07:08:10;98260.06;;;8.99;92.63
113;BME280;45999;48.808;9.182;2022-01-03T07:10:37;98263.75;;;9.05;91.85
113;BME280;45999;48.808;9.182;2022-01-03T07:13:03;98262.53;;;9.07;91.45
113;BME280;45999;48.808;9.182;2022-01-03T07:15:30;98267.00;;;9.07;91.72
113;BME280;45999;48.808;9.182;2022-01-03T07:18:13;98267.81;;;9.07;92.45
113;BME280;45999;48.808;9.182;2022-01-03T07:21:12;98270.47;;;9.01;93.52
113;BME280;45999;48.808;9.182;2022-01-03T07:23:39;98267.81;;;8.94;95.11
113;BME280;45999;48.808;9.182;2022-01-03T07:26:06;98256.56;;;8.86;96.56
113;BME280;45999;48.808;9.182;2022-01-03T07:28:32;98255.97;;;8.84;96.39
113;BME280;45999;48.808;9.182;2022-01-03T07:30:59;98262.31;;;8.83;96.42
113;BME280;45999;48.808;9.182;2022-01-03T07:33:26;98266.59;;;8.84;95.80
113;BME280;45999;48.808;9.182;2022-01-03T07:35:52;98259.00;;;8.74;97.27
113;BME280;45999;48.808;9.182;2022-01-03T07:38:19;98261.88;;;8.66;99.93
113;BME280;45999;48.808;9.182;2022-01-03T07:40:45;98250.44;;;8.66;99.86
113;BME280;45999;48.808;9.182;2022-01-03T07:43:12;98251.06;;;8.68;98.22
113;BME280;45999;48.808;9.182;2022-01-03T07:45:38;98251.50;;;8.71;97.11
113;BME280;45999;48.808;9.182;2022-01-03T07:48:04;98248.81;;;8.65;99.67
113;BME280;45999;48.808;9.182;2022-01-03T07:50:31;98260.47;;;8.64;99.24
113;BME280;45999;48.808;9.182;2022-01-03T07:52:57;98255.16;;;8.77;95.40
113;BME280;45999;48.808;9.182;2022-01-03T07:55:25;98255.97;;;8.84;95.20
113;BME280;45999;48.808;9.182;2022-01-03T07:57:51;98259.84;;;8.88;96.26
113;BME280;45999;48.808;9.182;2022-01-03T08:00:18;98261.47;;;8.89;95.68
113;BME280;45999;48.808;9.182;2022-01-03T08:02:45;98242.13;;;8.82;97.66
113;BME280;45999;48.808;9.182;2022-01-03T08:05:13;98241.28;;;8.81;97.12
113;BME280;45999;48.808;9.182;2022-01-03T08:07:41;98229.88;;;8.81;96.72
113;BME280;45999;48.808;9.182;2022-01-03T08:10:09;98226.81;;;8.84;96.15
113;BME280;45999;48.808;9.182;2022-01-03T08:12:36;98231.09;;;8.85;95.22
113;BME280;45999;48.808;9.182;2022-01-03T08:15:06;98230.91;;;8.80;96.57
113;BME280;45999;48.808;9.182;2022-01-03T08:17:33;98235.16;;;8.87;95.04
113;BME280;45999;48.808;9.182;2022-01-03T08:20:01;98225.00;;;8.91;95.37
113;BME280;45999;48.808;9.182;2022-01-03T08:22:28;98233.75;;;8.85;97.11
113;BME280;45999;48.808;9.182;2022-01-03T08:24:54;98234.56;;;8.85;96.99
113;BME280;45999;48.808;9.182;2022-01-03T08:27:21;98238.00;;;8.79;98.52
113;BME280;45999;48.808;9.182;2022-01-03T08:29:47;98236.19;;;8.80;99.04
113;BME280;45999;48.808;9.182;2022-01-03T08:32:13;98244.16;;;8.80;98.67
113;BME280;45999;48.808;9.182;2022-01-03T08:34:40;98248.63;;;8.86;97.21
113;BME280;45999;48.808;9.182;2022-01-03T08:37:06;98256.00;;;9.03;94.73
113;BME280;45999;48.808;9.182;2022-01-03T08:39:33;98262.72;;;9.32;94.73
113;BME280;45999;48.808;9.182;2022-01-03T08:41:59;98261.69;;;9.33;94.31
113;BME280;45999;48.808;9.182;2022-01-03T08:44:25;98263.50;;;9.26;91.71
113;BME280;45999;48.808;9.182;2022-01-03T08:46:52;98259.22;;;9.31;93.55
113;BME280;45999;48.808;9.182;2022-01-03T08:49:18;98256.97;;;9.28;94.96
113;BME280;45999;48.808;9.182;2022-01-03T08:51:45;98250.47;;;9.18;97.63
113;BME280;45999;48.808;9.182;2022-01-03T08:54:11;98250.69;;;9.23;98.17
113;BME280;45999;48.808;9.182;2022-01-03T08:56:38;98252.09;;;9.25;99.10
113;BME280;45999;48.808;9.182;2022-01-03T08:59:05;98248.22;;;9.28;98.27
113;BME280;45999;48.808;9.182;2022-01-03T09:01:32;98246.56;;;9.27;98.42
113;BME280;45999;48.808;9.182;2022-01-03T09:03:58;98250.44;;;9.24;99.85
113;BME280;45999;48.808;9.182;2022-01-03T09:06:25;98245.78;;;9.26;100.00
113;BME280;45999;48.808;9.182;2022-01-03T09:08:51;98247.19;;;9.29;100.00
113;BME280;45999;48.808;9.182;2022-01-03T09:11:18;98245.78;;;9.33;100.00
113;BME280;45999;48.808;9.182;2022-01-03T09:13:44;98239.03;;;9.43;100.00
113;BME280;45999;48.808;9.182;2022-01-03T09:16:11;98242.47;;;9.44;100.00
113;BME280;45999;48.808;9.182;2022-01-03T09:18:39;98245.13;;;9.44;100.00
113;BME280;45999;48.808;9.182;2022-01-03T09:21:06;98244.53;;;9.42;100.00
113;BME280;45999;48.808;9.182;2022-01-03T09:23:34;98241.88;;;9.42;99.59
113;BME280;45999;48.808;9.182;2022-01-03T09:26:04;98234.94;;;9.47;99.55
113;BME280;45999;48.808;9.182;2022-01-03T09:28:48;98233.06;;;9.54;100.00
113;BME280;45999;48.808;9.182;2022-01-03T09:31:27;98242.63;;;9.62;99.63
113;BME280;45999;48.808;9.182;2022-01-03T09:33:57;98241.00;;;9.67;99.19
113;BME280;45999;48.808;9.182;2022-01-03T09:36:24;98228.34;;;9.63;98.64
113;BME280;45999;48.808;9.182;2022-01-03T09:38:51;98232.22;;;9.67;98.58
113;BME280;45999;48.808;9.182;2022-01-03T09:41:20;98228.56;;;9.68;97.48
113;BME280;45999;48.808;9.182;2022-01-03T09:44:02;98222.63;;;9.66;98.40
113;BME280;45999;48.808;9.182;2022-01-03T09:46:38;98218.94;;;9.67;98.78
113;BME280;45999;48.808;9.182;2022-01-03T09:49:07;98223.25;;;9.68;99.38
113;BME280;45999;48.808;9.182;2022-01-03T09:51:34;98221.19;;;9.63;99.34
113;BME280;45999;48.808;9.182;2022-01-03T09:54:09;98222.22;;;9.62;98.55
113;BME280;45999;48.808;9.182;2022-01-03T09:56:37;98226.31;;;9.58;98.69
113;BME280;45999;48.808;9.182;2022-01-03T09:59:04;98218.72;;;9.68;98.89
113;BME280;45999;48.808;9.182;2022-01-03T10:01:32;98223.84;;;9.63;97.60
113;BME280;45999;48.808;9.182;2022-01-03T10:04:00;98218.53;;;9.63;97.53
113;BME280;45999;48.808;9.182;2022-01-03T10:06:27;98225.66;;;9.69;94.46
113;BME280;45999;48.808;9.182;2022-01-03T10:08:54;98217.03;;;9.93;88.29
113;BME280;45999;48.808;9.182;2022-01-03T10:11:21;98207.97;;;10.14;85.10
113;BME280;45999;48.808;9.182;2022-01-03T10:13:49;98214.44;;;10.24;81.55
113;BME280;45999;48.808;9.182;2022-01-03T10:16:16;98210.72;;;10.32;80.09
113;BME280;45999;48.808;9.182;2022-01-03T10:18:46;98213.91;;;10.47;79.23
113;BME280;45999;48.808;9.182;2022-01-03T10:21:12;98214.53;;;10.42;80.43
113;BME280;45999;48.808;9.182;2022-01-03T10:23:53;98212.03;;;10.54;78.22
113;BME280;45999;48.808;9.182;2022-01-03T10:26:21;98194.41;;;10.53;77.10
113;BME280;45999;48.808;9.182;2022-01-03T10:28:47;98199.09;;;10.57;77.83
113;BME280;45999;48.808;9.182;2022-01-03T10:33:41;98200.69;;;10.65;76.79
113;BME280;45999;48.808;9.182;2022-01-03T10:36:28;98200.22;;;10.74;74.75
113;BME280;45999;48.808;9.182;2022-01-03T10:38:55;98201.22;;;10.73;74.70
113;BME280;45999;48.808;9.182;2022-01-03T10:41:24;98196.31;;;10.77;74.85
113;BME280;45999;48.808;9.182;2022-01-03T10:43:54;98204.34;;;10.70;75.65
113;BME280;45999;48.808;9.182;2022-01-03T10:46:26;98201.78;;;10.82;74.61
113;BME280;45999;48.808;9.182;2022-01-03T10:49:14;98195.00;;;10.86;74.13
113;BME280;45999;48.808;9.182;2022-01-03T10:51:42;98193.97;;;10.87;74.55
113;BME280;45999;48.808;9.182;2022-01-03T10:54:13;98189.63;;;10.93;74.13
113;BME280;45999;48.808;9.182;2022-01-03T10:56:47;98184.53;;;10.91;74.89
113;BME280;45999;48.808;9.182;2022-01-03T10:59:20;98193.63;;;11.01;73.01
113;BME280;45999;48.808;9.182;2022-01-03T11:04:32;98176.13;;;11.12;73.01
113;BME280;45999;48.808;9.182;2022-01-03T11:13:08;98164.78;;;11.23;71.45
113;BME280;45999;48.808;9.182;2022-01-03T11:15:54;98160.50;;;11.22;72.10
113;BME280;45999;48.808;9.182;2022-01-03T11:21:29;98153.63;;;11.32;71.25
113;BME280;45999;48.808;9.182;2022-01-03T11:26:34;98158.28;;;11.37;71.55
113;BME280;45999;48.808;9.182;2022-01-03T11:29:03;98157.19;;;11.45;71.18
113;BME280;45999;48.808;9.182;2022-01-03T11:31:31;98147.34;;;11.45;70.74
113;BME280;45999;48.808;9.182;2022-01-03T11:33:59;98147.72;;;11.49;70.28
113;BME280;45999;48.808;9.182;2022-01-03T11:36:26;98132.31;;;11.51;70.32
113;BME280;45999;48.808;9.182;2022-01-03T11:38:55;98130.13;;;11.48;71.11
113;BME280;45999;48.808;9.182;2022-01-03T11:41:22;98137.16;;;11.60;69.20
113;BME280;45999;48.808;9.182;2022-01-03T11:43:48;98129.38;;;11.59;69.79
113;BME280;45999;48.808;9.182;2022-01-03T11:46:15;98128.97;;;11.62;68.48
113;BME280;45999;48.808;9.182;2022-01-03T11:48:41;98125.47;;;11.61;69.38
113;BME280;45999;48.808;9.182;2022-01-03T11:51:10;98121.91;;;11.67;69.07
113;BME280;45999;48.808;9.182;2022-01-03T11:53:42;98119.94;;;11.63;68.64
113;BME280;45999;48.808;9.182;2022-01-03T11:56:15;98112.81;;;11.57;69.23
113;BME280;45999;48.808;9.182;2022-01-03T11:58:49;98109.06;;;11.64;68.41
113;BME280;45999;48.808;9.182;2022-01-03T12:01:23;98106.31;;;11.71;67.53
113;BME280;45999;48.808;9.182;2022-01-03T12:04:18;98110.03;;;11.70;67.88
113;BME280;45999;48.808;9.182;2022-01-03T12:06:45;98096.22;;;11.73;67.80
113;BME280;45999;48.808;9.182;2022-01-03T12:09:15;98101.03;;;11.82;67.52
113;BME280;45999;48.808;9.182;2022-01-03T12:11:51;98101.44;;;11.97;63.89
113;BME280;45999;48.808;9.182;2022-01-03T12:14:20;98083.31;;;11.88;64.95
113;BME280;45999;48.808;9.182;2022-01-03T12:16:53;98096.53;;;11.94;63.79
113;BME280;45999;48.808;9.182;2022-01-03T12:22:21;98102.78;;;11.88;60.38
113;BME280;45999;48.808;9.182;2022-01-03T12:25:02;98099.56;;;11.86;60.24
113;BME280;45999;48.808;9.182;2022-01-03T12:27:37;98098.06;;;11.90;59.59
113;BME280;45999;48.808;9.182;2022-01-03T12:32:35;98091.91;;;11.90;58.53
113;BME280;45999;48.808;9.182;2022-01-03T12:40:18;98073.88;;;11.74;60.98
113;BME280;45999;48.808;9.182;2022-01-03T12:56:12;98047.00;;;11.64;63.75
113;BME280;45999;48.808;9.182;2022-01-03T12:58:42;98038.66;;;11.60;63.80
113;BME280;45999;48.808;9.182;2022-01-03T13:08:32;98021.63;;;11.61;64.37
113;BME280;45999;48.808;9.182;2022-01-03T13:10:59;98011.19;;;11.60;64.19
113;BME280;45999;48.808;9.182;2022-01-03T13:13:27;98011.38;;;11.58;64.69
113;BME280;45999;48.808;9.182;2022-01-03T13:15:55;98008.59;;;11.53;64.64
113;BME280;45999;48.808;9.182;2022-01-03T13:18:22;98004.31;;;11.52;65.75
113;BME280;45999;48.808;9.182;2022-01-03T13:20:58;98003.03;;;11.55;65.10
113;BME280;45999;48.808;9.182;2022-01-03T13:23:25;98006.06;;;11.58;65.37
113;BME280;45999;48.808;9.182;2022-01-03T13:26:04;97996.44;;;11.57;64.89
113;BME280;45999;48.808;9.182;2022-01-03T13:28:43;97992.75;;;11.58;64.56
113;BME280;45999;48.808;9.182;2022-01-03T13:31:10;97982.50;;;11.62;63.87
113;BME280;45999;48.808;9.182;2022-01-03T13:33:37;97976.72;;;11.65;63.59
113;BME280;45999;48.808;9.182;2022-01-03T13:36:04;97973.59;;;11.68;63.66
113;BME280;45999;48.808;9.182;2022-01-03T13:38:33;97970.84;;;11.74;63.74
113;BME280;45999;48.808;9.182;2022-01-03T13:41:15;97966.09;;;11.76;63.95
113;BME280;45999;48.808;9.182;2022-01-03T13:43:46;97964.03;;;11.78;63.71
113;BME280;45999;48.808;9.182;2022-01-03T13:46:24;97957.66;;;11.79;62.49
113;BME280;45999;48.808;9.182;2022-01-03T13:49:20;97947.59;;;11.81;62.16
113;BME280;45999;48.808;9.182;2022-01-03T13:51:54;97951.41;;;11.85;61.69
113;BME280;45999;48.808;9.182;2022-01-03T13:54:26;97946.44;;;11.89;61.31
113;BME280;45999;48.808;9.182;2022-01-03T13:56:54;97941.09;;;11.77;62.57
113;BME280;45999;48.808;9.182;2022-01-03T13:59:21;97939.81;;;11.80;61.42
113;BME280;45999;48.808;9.182;2022-01-03T14:01:49;97937.72;;;11.82;61.09
113;BME280;45999;48.808;9.182;2022-01-03T14:04:17;97941.44;;;11.81;60.31
113;BME280;45999;48.808;9.182;2022-01-03T14:06:44;97940.75;;;11.85;60.95
113;BME280;45999;48.808;9.182;2022-01-03T14:09:15;97943.06;;;11.82;60.77
113;BME280;45999;48.808;9.182;2022-01-03T14:11:43;97938.56;;;11.82;60.31
113;BME280;45999;48.808;9.182;2022-01-03T14:14:16;97935.50;;;11.79;60.73
113;BME280;45999;48.808;9.182;2022-01-03T14:16:52;97936.66;;;11.71;60.89
113;BME280;45999;48.808;9.182;2022-01-03T14:19:19;97937.09;;;11.57;62.67
113;BME280;45999;48.808;9.182;2022-01-03T14:21:47;97920.28;;;11.56;63.61
113;BME280;45999;48.808;9.182;2022-01-03T14:24:14;97920.59;;;11.48;64.39
113;BME280;45999;48.808;9.182;2022-01-03T14:26:41;97918.06;;;11.53;62.63
113;BME280;45999;48.808;9.182;2022-01-03T14:29:13;97915.50;;;11.47;63.64
113;BME280;45999;48.808;9.182;2022-01-03T14:31:52;97900.13;;;11.49;63.10
113;BME280;45999;48.808;9.182;2022-01-03T14:34:24;97902.88;;;11.42;63.68
113;BME280;45999;48.808;9.182;2022-01-03T14:36:52;97888.09;;;11.46;62.66
113;BME280;45999;48.808;9.182;2022-01-03T14:39:19;97891.19;;;11.43;63.81
113;BME280;45999;48.808;9.182;2022-01-03T14:41:56;97885.97;;;11.37;63.86
113;BME280;45999;48.808;9.182;2022-01-03T14:44:25;97876.38;;;11.36;64.19
113;BME280;45999;48.808;9.182;2022-01-03T14:47:09;97875.44;;;11.42;63.39
113;BME280;45999;48.808;9.182;2022-01-03T14:49:38;97878.13;;;11.42;63.61
113;BME280;45999;48.808;9.182;2022-01-03T14:52:06;97871.78;;;11.43;63.44
113;BME280;45999;48.808;9.182;2022-01-03T14:54:32;97880.88;;;11.35;63.87
113;BME280;45999;48.808;9.182;2022-01-03T14:57:16;97873.59;;;11.31;64.25
113;BME280;45999;48.808;9.182;2022-01-03T14:59:43;97872.53;;;11.32;64.44
113;BME280;45999;48.808;9.182;2022-01-03T15:02:09;97866.88;;;11.28;64.45
113;BME280;45999;48.808;9.182;2022-01-03T15:04:36;97875.06;;;11.27;64.57
113;BME280;45999;48.808;9.182;2022-01-03T15:07:13;97854.13;;;11.30;64.62
113;BME280;45999;48.808;9.182;2022-01-03T15:09:40;97851.00;;;11.22;65.60
113;BME280;45999;48.808;9.182;2022-01-03T15:12:07;97860.13;;;11.14;64.96
113;BME280;45999;48.808;9.182;2022-01-03T15:14:34;97853.13;;;11.01;67.29
113;BME280;45999;48.808;9.182;2022-01-03T15:17:00;97854.31;;;11.17;64.59
113;BME280;45999;48.808;9.182;2022-01-03T15:19:27;97846.81;;;11.14;65.05
113;BME280;45999;48.808;9.182;2022-01-03T15:21:53;97855.97;;;11.18;64.59
113;BME280;45999;48.808;9.182;2022-01-03T15:24:19;97850.28;;;11.14;64.59
113;BME280;45999;48.808;9.182;2022-01-03T15:26:46;97862.66;;;11.09;64.95
113;BME280;45999;48.808;9.182;2022-01-03T15:29:12;97857.78;;;11.06;64.67
113;BME280;45999;48.808;9.182;2022-01-03T15:31:38;97855.66;;;10.96;65.51
113;BME280;45999;48.808;9.182;2022-01-03T15:34:05;97858.31;;;10.96;65.72
113;BME280;45999;48.808;9.182;2022-01-03T15:36:32;97858.00;;;11.04;65.41
113;BME280;45999;48.808;9.182;2022-01-03T15:38:59;97852.09;;;11.02;65.03
113;BME280;45999;48.808;9.182;2022-01-03T15:41:26;97854.53;;;11.04;65.27
113;BME280;45999;48.808;9.182;2022-01-03T15:43:52;97854.16;;;11.00;65.05
113;BME280;45999;48.808;9.182;2022-01-03T15:46:19;97859.56;;;10.94;65.63
113;BME280;45999;48.808;9.182;2022-01-03T15:48:45;97852.78;;;10.98;64.70
113;BME280;45999;48.808;9.182;2022-01-03T15:51:12;97845.25;;;10.95;65.10
113;BME280;45999;48.808;9.182;2022-01-03T15:53:39;97853.50;;;11.05;64.27
113;BME280;45999;48.808;9.182;2022-01-03T15:56:07;97857.22;;;11.04;64.67
113;BME280;45999;48.808;9.182;2022-01-03T15:58:33;97842.00;;;10.93;64.94
113;BME280;45999;48.808;9.182;2022-01-03T16:01:00;97831.09;;;10.83;65.92
113;BME280;45999;48.808;9.182;2022-01-03T16:03:27;97848.97;;;10.76;66.61
113;BME280;45999;48.808;9.182;2022-01-03T16:05:55;97836.19;;;10.84;65.89
113;BME280;45999;48.808;9.182;2022-01-03T16:08:23;97836.84;;;10.80;66.04
113;BME280;45999;48.808;9.182;2022-01-03T16:10:49;97819.72;;;10.76;66.72
113;BME280;45999;48.808;9.182;2022-01-03T16:13:16;97820.28;;;10.66;67.73
113;BME280;45999;48.808;9.182;2022-01-03T16:15:43;97818.69;;;10.65;67.52
113;BME280;45999;48.808;9.182;2022-01-03T16:18:10;97811.50;;;10.66;67.79
113;BME280;45999;48.808;9.182;2022-01-03T16:20:37;97814.97;;;10.66;67.62
113;BME280;45999;48.808;9.182;2022-01-03T16:23:06;97819.03;;;10.69;67.72
113;BME280;45999;48.808;9.182;2022-01-03T16:25:32;97816.72;;;10.72;67.51
113;BME280;45999;48.808;9.182;2022-01-03T16:27:58;97801.25;;;10.51;69.52
113;BME280;45999;48.808;9.182;2022-01-03T16:30:25;97801.84;;;10.53;69.08
113;BME280;45999;48.808;9.182;2022-01-03T16:32:51;97792.63;;;10.56;68.65
113;BME280;45999;48.808;9.182;2022-01-03T16:35:17;97800.69;;;10.49;69.51
113;BME280;45999;48.808;9.182;2022-01-03T16:37:44;97799.13;;;10.42;69.75
113;BME280;45999;48.808;9.182;2022-01-03T16:40:12;97799.28;;;10.47;69.79
113;BME280;45999;48.808;9.182;2022-01-03T16:42:40;97801.44;;;10.38;70.42
113;BME280;45999;48.808;9.182;2022-01-03T16:45:06;97809.47;;;10.50;69.59
113;BME280;45999;48.808;9.182;2022-01-03T16:47:33;97795.63;;;10.59;69.67
113;BME280;45999;48.808;9.182;2022-01-03T16:50:05;97791.44;;;10.52;69.37
113;BME280;45999;48.808;9.182;2022-01-03T16:52:31;97786.44;;;10.44;70.09
113;BME280;45999;48.808;9.182;2022-01-03T16:54:58;97778.19;;;10.34;70.91
113;BME280;45999;48.808;9.182;2022-01-03T16:57:24;97774.03;;;10.38;70.49
113;BME280;45999;48.808;9.182;2022-01-03T16:59:54;97766.50;;;10.35;70.31
113;BME280;45999;48.808;9.182;2022-01-03T17:02:20;97770.06;;;10.29;71.20
113;BME280;45999;48.808;9.182;2022-01-03T17:04:48;97763.63;;;10.36;70.73
113;BME280;45999;48.808;9.182;2022-01-03T17:07:14;97755.19;;;10.28;71.30
113;BME280;45999;48.808;9.182;2022-01-03T17:09:41;97751.31;;;10.42;70.25
113;BME280;45999;48.808;9.182;2022-01-03T17:12:12;97757.75;;;10.34;71.20
113;BME280;45999;48.808;9.182;2022-01-03T17:14:40;97751.41;;;10.35;70.38
113;BME280;45999;48.808;9.182;2022-01-03T17:17:07;97750.00;;;10.33;70.67
113;BME280;45999;48.808;9.182;2022-01-03T17:19:33;97737.75;;;10.32;70.61
113;BME280;45999;48.808;9.182;2022-01-03T17:22:00;97733.00;;;10.34;70.52
113;BME280;45999;48.808;9.182;2022-01-03T17:24:26;97749.09;;;10.39;70.29
113;BME280;45999;48.808;9.182;2022-01-03T17:26:53;97743.69;;;10.45;70.32
113;BME280;45999;48.808;9.182;2022-01-03T17:29:19;97743.34;;;10.42;70.18
113;BME280;45999;48.808;9.182;2022-01-03T17:31:46;97729.59;;;10.45;69.92
113;BME280;45999;48.808;9.182;2022-01-03T17:34:13;97738.72;;;10.49;69.67
113;BME280;45999;48.808;9.182;2022-01-03T17:36:39;97741.72;;;10.41;70.57
113;BME280;45999;48.808;9.182;2022-01-03T17:39:06;97729.91;;;10.37;70.40
113;BME280;45999;48.808;9.182;2022-01-03T17:41:33;97726.53;;;10.30;70.90
113;BME280;45999;48.808;9.182;2022-01-03T17:43:59;97727.50;;;10.17;71.64
113;BME280;45999;48.808;9.182;2022-01-03T17:46:26;97734.50;;;10.30;70.50
113;BME280;45999;48.808;9.182;2022-01-03T17:48:52;97741.91;;;10.28;70.76
113;BME280;45999;48.808;9.182;2022-01-03T17:51:19;97731.47;;;10.26;70.83
113;BME280;45999;48.808;9.182;2022-01-03T17:53:45;97731.25;;;10.28;70.81
113;BME280;45999;48.808;9.182;2022-01-03T17:56:14;97723.28;;;10.28;70.58
113;BME280;45999;48.808;9.182;2022-01-03T17:58:41;97718.41;;;10.25;70.70
113;BME280;45999;48.808;9.182;2022-01-03T18:01:07;97712.97;;;10.20;70.89
113;BME280;45999;48.808;9.182;2022-01-03T18:03:34;97710.22;;;10.26;70.71
113;BME280;45999;48.808;9.182;2022-01-03T18:06:01;97710.66;;;10.23;71.03
113;BME280;45999;48.808;9.182;2022-01-03T18:08:28;97701.09;;;10.22;71.06
113;BME280;45999;48.808;9.182;2022-01-03T18:10:55;97686.19;;;10.21;71.30
113;BME280;45999;48.808;9.182;2022-01-03T18:13:22;97684.22;;;10.28;70.82
113;BME280;45999;48.808;9.182;2022-01-03T18:15:49;97689.50;;;10.17;71.51
113;BME280;45999;48.808;9.182;2022-01-03T18:18:16;97683.63;;;10.15;71.99
113;BME280;45999;48.808;9.182;2022-01-03T18:20:43;97677.97;;;10.11;72.14
113;BME280;45999;48.808;9.182;2022-01-03T18:23:10;97680.88;;;10.03;72.66
113;BME280;45999;48.808;9.182;2022-01-03T18:25:37;97673.34;;;10.00;72.79
113;BME280;45999;48.808;9.182;2022-01-03T18:28:04;97681.78;;;9.97;73.46
113;BME280;45999;48.808;9.182;2022-01-03T18:30:31;97674.69;;;10.09;72.44
113;BME280;45999;48.808;9.182;2022-01-03T18:32:57;97679.88;;;10.04;73.01
113;BME280;45999;48.808;9.182;2022-01-03T18:35:25;97678.88;;;10.17;71.91
113;BME280;45999;48.808;9.182;2022-01-03T18:37:52;97669.00;;;10.24;71.97
113;BME280;45999;48.808;9.182;2022-01-03T18:40:18;97671.06;;;10.33;71.93
113;BME280;45999;48.808;9.182;2022-01-03T18:42:45;97662.88;;;10.35;71.50
113;BME280;45999;48.808;9.182;2022-01-03T18:45:12;97656.06;;;10.27;72.30
113;BME280;45999;48.808;9.182;2022-01-03T18:47:39;97651.41;;;10.11;72.99
113;BME280;45999;48.808;9.182;2022-01-03T18:50:06;97650.22;;;10.07;73.27
113;BME280;45999;48.808;9.182;2022-01-03T18:52:36;97644.34;;;10.17;72.77
113;BME280;45999;48.808;9.182;2022-01-03T18:55:04;97637.97;;;10.06;73.20
113;BME280;45999;48.808;9.182;2022-01-03T18:57:31;97633.31;;;10.02;73.00
113;BME280;45999;48.808;9.182;2022-01-03T18:59:58;97629.53;;;10.09;73.00
113;BME280;45999;48.808;9.182;2022-01-03T19:02:24;97632.19;;;10.09;72.76
113;BME280;45999;48.808;9.182;2022-01-03T19:04:51;97637.72;;;10.08;72.83
113;BME280;45999;48.808;9.182;2022-01-03T19:07:18;97623.56;;;10.14;72.33
113;BME280;45999;48.808;9.182;2022-01-03T19:09:45;97618.41;;;10.01;73.15
113;BME280;45999;48.808;9.182;2022-01-03T19:12:11;97611.84;;;10.03;72.55
113;BME280;45999;48.808;9.182;2022-01-03T19:14:37;97608.22;;;9.98;73.01
113;BME280;45999;48.808;9.182;2022-01-03T19:17:04;97605.78;;;9.96;73.85
113;BME280;45999;48.808;9.182;2022-01-03T19:19:31;97616.19;;;9.98;73.32
113;BME280;45999;48.808;9.182;2022-01-03T19:21:59;97607.72;;;10.07;73.12
113;BME280;45999;48.808;9.182;2022-01-03T19:24:26;97612.81;;;10.09;72.64
113;BME280;45999;48.808;9.182;2022-01-03T19:26:53;97603.13;;;9.96;73.43
113;BME280;45999;48.808;9.182;2022-01-03T19:29:19;97601.44;;;10.02;72.88
113;BME280;45999;48.808;9.182;2022-01-03T19:31:46;97592.25;;;10.04;73.13
113;BME280;45999;48.808;9.182;2022-01-03T19:34:13;97589.84;;;10.14;72.16
113;BME280;45999;48.808;9.182;2022-01-03T19:36:57;97584.06;;;10.06;72.97
113;BME280;45999;48.808;9.182;2022-01-03T19:39:41;97583.59;;;10.09;72.40
113;BME280;45999;48.808;9.182;2022-01-03T19:42:08;97581.00;;;10.02;72.84
113;BME280;45999;48.808;9.182;2022-01-03T19:44:34;97572.00;;;10.03;73.19
113;BME280;45999;48.808;9.182;2022-01-03T19:47:01;97576.66;;;10.08;72.46
113;BME280;45999;48.808;9.182;2022-01-03T19:49:29;97573.13;;;9.96;73.43
113;BME280;45999;48.808;9.182;2022-01-03T19:51:57;97567.72;;;10.02;73.31
113;BME280;45999;48.808;9.182;2022-01-03T19:54:24;97563.78;;;10.23;72.27
113;BME280;45999;48.808;9.182;2022-01-03T19:56:51;97561.34;;;10.33;71.45
113;BME280;45999;48.808;9.182;2022-01-03T19:59:18;97563.78;;;10.23;72.51
113;BME280;45999;48.808;9.182;2022-01-03T20:01:46;97554.53;;;10.25;72.83
113;BME280;45999;48.808;9.182;2022-01-03T20:04:13;97559.84;;;10.25;72.84
113;BME280;45999;48.808;9.182;2022-01-03T20:06:40;97550.00;;;10.26;72.88
113;BME280;45999;48.808;9.182;2022-01-03T20:09:06;97545.88;;;10.41;71.53
113;BME280;45999;48.808;9.182;2022-01-03T20:11:40;97541.50;;;10.47;71.52
113;BME280;45999;48.808;9.182;2022-01-03T20:14:09;97544.81;;;10.42;71.31
113;BME280;45999;48.808;9.182;2022-01-03T20:16:36;97538.28;;;10.56;70.95
113;BME280;45999;48.808;9.182;2022-01-03T20:19:03;97528.91;;;10.54;71.56
113;BME280;45999;48.808;9.182;2022-01-03T20:21:31;97526.94;;;10.49;71.33
113;BME280;45999;48.808;9.182;2022-01-03T20:23:58;97533.75;;;10.57;71.44
113;BME280;45999;48.808;9.182;2022-01-03T20:26:26;97527.66;;;10.56;71.59
113;BME280;45999;48.808;9.182;2022-01-03T20:28:53;97528.44;;;10.57;71.06
113;BME280;45999;48.808;9.182;2022-01-03T20:31:20;97533.19;;;10.55;71.07
113;BME280;45999;48.808;9.182;2022-01-03T20:33:46;97527.28;;;10.53;71.69
113;BME280;45999;48.808;9.182;2022-01-03T20:36:14;97525.44;;;10.53;71.46
113;BME280;45999;48.808;9.182;2022-01-03T20:38:40;97515.97;;;10.46;72.12
113;BME280;45999;48.808;9.182;2022-01-03T20:41:08;97515.59;;;10.42;72.25
113;BME280;45999;48.808;9.182;2022-01-03T20:43:35;97516.53;;;10.48;72.08
113;BME280;45999;48.808;9.182;2022-01-03T20:46:04;97515.03;;;10.52;72.30
113;BME280;45999;48.808;9.182;2022-01-03T20:48:30;97515.97;;;10.46;72.66
113;BME280;45999;48.808;9.182;2022-01-03T20:50:57;97504.63;;;10.39;72.77
113;BME280;45999;48.808;9.182;2022-01-03T20:53:24;97505.13;;;10.36;72.87
113;BME280;45999;48.808;9.182;2022-01-03T20:55:50;97500.25;;;10.33;73.74
113;BME280;45999;48.808;9.182;2022-01-03T20:58:16;97495.38;;;10.30;73.87
113;BME280;45999;48.808;9.182;2022-01-03T21:00:43;97483.25;;;10.22;74.91
113;BME280;45999;48.808;9.182;2022-01-03T21:03:14;97475.28;;;10.22;75.26
113;BME280;45999;48.808;9.182;2022-01-03T21:05:41;97460.50;;;10.15;75.38
113;BME280;45999;48.808;9.182;2022-01-03T21:08:08;97457.50;;;10.11;76.13
113;BME280;45999;48.808;9.182;2022-01-03T21:10:34;97455.66;;;10.12;76.28
113;BME280;45999;48.808;9.182;2022-01-03T21:13:04;97453.22;;;10.10;76.28
113;BME280;45999;48.808;9.182;2022-01-03T21:15:32;97440.94;;;9.98;77.44
113;BME280;45999;48.808;9.182;2022-01-03T21:17:59;97440.38;;;9.96;78.65
113;BME280;45999;48.808;9.182;2022-01-03T21:20:25;97445.44;;;9.86;79.36
113;BME280;45999;48.808;9.182;2022-01-03T21:22:52;97442.09;;;9.90;79.74
113;BME280;45999;48.808;9.182;2022-01-03T21:25:18;97440.25;;;9.91;79.34
113;BME280;45999;48.808;9.182;2022-01-03T21:27:45;97425.59;;;9.88;80.27
113;BME280;45999;48.808;9.182;2022-01-03T21:30:11;97420.84;;;9.90;80.25
113;BME280;45999;48.808;9.182;2022-01-03T21:32:38;97416.47;;;9.84;80.94
113;BME280;45999;48.808;9.182;2022-01-03T21:35:05;97402.50;;;9.77;81.37
113;BME280;45999;48.808;9.182;2022-01-03T21:37:33;97400.75;;;9.71;81.56
113;BME280;45999;48.808;9.182;2022-01-03T21:39:59;97386.78;;;9.64;83.08
113;BME280;45999;48.808;9.182;2022-01-03T21:42:26;97381.03;;;9.67;82.89
113;BME280;45999;48.808;9.182;2022-01-03T21:44:52;97379.19;;;9.68;83.29
113;BME280;45999;48.808;9.182;2022-01-03T21:47:18;97372.13;;;9.62;83.64
113;BME280;45999;48.808;9.182;2022-01-03T21:49:45;97371.19;;;9.56;84.11
113;BME280;45999;48.808;9.182;2022-01-03T21:52:11;97361.84;;;9.65;83.86
113;BME280;45999;48.808;9.182;2022-01-03T21:54:38;97356.69;;;9.70;83.27
113;BME280;45999;48.808;9.182;2022-01-03T21:57:04;97356.44;;;9.72;83.93
113;BME280;45999;48.808;9.182;2022-01-03T21:59:31;97348.94;;;9.69;84.33
113;BME280;45999;48.808;9.182;2022-01-03T22:01:59;97335.19;;;9.72;84.96
113;BME280;45999;48.808;9.182;2022-01-03T22:04:25;97331.03;;;9.64;85.48
113;BME280;45999;48.808;9.182;2022-01-03T22:06:52;97337.19;;;9.76;85.60
113;BME280;45999;48.808;9.182;2022-01-03T22:09:19;97333.38;;;9.72;85.41
113;BME280;45999;48.808;9.182;2022-01-03T22:11:47;97334.97;;;9.85;84.76
113;BME280;45999;48.808;9.182;2022-01-03T22:14:14;97323.91;;;9.88;84.74
113;BME280;45999;48.808;9.182;2022-01-03T22:16:40;97326.56;;;9.88;84.82
113;BME280;45999;48.808;9.182;2022-01-03T22:19:06;97309.91;;;9.92;84.85
113;BME280;45999;48.808;9.182;2022-01-03T22:21:33;97306.38;;;9.87;85.22
113;BME280;45999;48.808;9.182;2022-01-03T22:23:59;97309.56;;;9.89;85.32
113;BME280;45999;48.808;9.182;2022-01-03T22:26:26;97299.19;;;9.87;84.88
113;BME280;45999;48.808;9.182;2022-01-03T22:28:52;97296.31;;;9.89;84.79
113;BME280;45999;48.808;9.182;2022-01-03T22:31:18;97288.34;;;9.89;84.32
113;BME280;45999;48.808;9.182;2022-01-03T22:33:52;97284.41;;;9.91;83.84
113;BME280;45999;48.808;9.182;2022-01-03T22:36:20;97280.59;;;9.99;83.33
113;BME280;45999;48.808;9.182;2022-01-03T22:38:47;97284.28;;;9.98;83.47
113;BME280;45999;48.808;9.182;2022-01-03T22:41:14;97262.09;;;10.04;82.86
113;BME280;45999;48.808;9.182;2022-01-03T22:43:41;97267.31;;;9.99;82.92
113;BME280;45999;48.808;9.182;2022-01-03T22:46:08;97266.63;;;10.03;82.50
113;BME280;45999;48.808;9.182;2022-01-03T22:48:35;97256.38;;;10.07;81.93
113;BME280;45999;48.808;9.182;2022-01-03T22:51:01;97257.84;;;10.14;80.95
113;BME280;45999;48.808;9.182;2022-01-03T22:53:28;97258.22;;;10.06;82.16
113;BME280;45999;48.808;9.182;2022-01-03T22:55:55;97258.06;;;10.13;81.18
113;BME280;45999;48.808;9.182;2022-01-03T22:58:21;97242.72;;;10.15;81.37
113;BME280;45999;48.808;9.182;2022-01-03T23:00:48;97256.56;;;10.17;80.90
113;BME280;45999;48.808;9.182;2022-01-03T23:03:15;97247.75;;;10.28;79.58
113;BME280;45999;48.808;9.182;2022-01-03T23:05:41;97244.44;;;10.21;80.36
113;BME280;45999;48.808;9.182;2022-01-03T23:08:08;97244.78;;;10.24;80.25
113;BME280;45999;48.808;9.182;2022-01-03T23:10:34;97234.72;;;10.26;79.74
113;BME280;45999;48.808;9.182;2022-01-03T23:13:01;97231.34;;;10.31;79.37
113;BME280;45999;48.808;9.182;2022-01-03T23:15:27;97221.53;;;10.31;79.45
113;BME280;45999;48.808;9.182;2022-01-03T23:17:54;97221.53;;;10.31;79.92
113;BME280;45999;48.808;9.182;2022-01-03T23:20:20;97225.22;;;10.30;79.97
113;BME280;45999;48.808;9.182;2022-01-03T23:22:46;97221.72;;;10.41;79.08
113;BME280;45999;48.808;9.182;2022-01-03T23:25:13;97207.19;;;10.32;80.04
113;BME280;45999;48.808;9.182;2022-01-03T23:27:40;97215.25;;;10.37;79.92
113;BME280;45999;48.808;9.182;2022-01-03T23:30:08;97210.28;;;10.41;79.87
113;BME280;45999;48.808;9.182;2022-01-03T23:32:35;97206.59;;;10.42;79.79
113;BME280;45999;48.808;9.182;2022-01-03T23:35:05;97201.91;;;10.49;79.92
113;BME280;45999;48.808;9.182;2022-01-03T23:37:31;97185.19;;;10.48;80.12
113;BME280;45999;48.808;9.182;2022-01-03T23:39:58;97190.19;;;10.45;80.53
113;BME280;45999;48.808;9.182;2022-01-03T23:42:24;97182.28;;;10.50;80.33
113;BME280;45999;48.808;9.182;2022-01-03T23:44:51;97178.72;;;10.44;81.31
113;BME280;45999;48.808;9.182;2022-01-03T23:47:17;97178.13;;;10.54;80.50
113;BME280;45999;48.808;9.182;2022-01-03T23:49:43;97172.13;;;10.47;81.37
113;BME280;45999;48.808;9.182;2022-01-03T23:52:10;97177.53;;;10.52;81.27
113;BME280;45999;48.808;9.182;2022-01-03T23:54:36;97173.72;;;10.48;81.44
113;BME280;45999;48.808;9.182;2022-01-03T23:57:03;97170.53;;;10.46;81.53
113;BME280;45999;48.808;9.182;2022-01-03T23:59:30;97170.75;;;10.44;81.94
